function testUnprojBearing()

cam0_intr = [235.0327409 235.2023337 331.6102738 234.0248741 0.2235754433 -0.2044363449 0.1177771503 -0.05022559293 0.01296846792 -0.001403307361 -0.008479045035 0.005216462786 0.009155925212 -0.003210345276 -0.007094871087 0.0007429664622 0.001054432471 -0.0003034748817 -0.01341856702 -0.03144263653 ];
cam0_intr = [cam0_intr;[235.0611425 235.2320954 331.3442234 234.0966255 0.2226420623 -0.2000540826 0.1089964405 -0.04172556908 0.009072352154 -0.0007343035441 -0.009686389662 0.004767881441 0.01048322703 -0.002751867976 -0.006738362631 0.0005699855102 0.0009101734108 -0.0002461273239 -0.01217417523 -0.0330911996 ]];
cam0_intr = [cam0_intr;[235.0773261 235.2450168 331.2446792 234.1131322 0.2217293783 -0.1955612576 0.09973399384 -0.03244436833 0.004640578959 6.758922669e-05 -0.0104211221 0.004659619946 0.01127068479 -0.002579173666 -0.006664927528 0.0005216394173 0.0008545232763 -0.000229340806 -0.01184692392 -0.0342625111 ]];


cam1_intr = [235.2967529 235.3543891 322.9848806 234.5390395 0.2202358147 -0.1952764204 0.1047766407 -0.04122309079 0.009864342265 -0.0009738061503 0.008977308623 -0.006164955965 -0.009214327214 -0.001897320979 0.005387482551 0.0003658228112 0.0006542975449 -0.0001611621766 0.007066841415 0.009742936787  ];
cam1_intr = [cam1_intr;[235.2924543 235.3421005 322.760906 234.4894034 0.2210798699 -0.1978436401 0.1090657463 -0.04492181489 0.01141406689 -0.001225038595 0.00922423708 -0.006616345201 -0.009386556688 -0.001496207677 0.006022419776 0.0002355099397 0.0005524069733 -0.0001067408082 0.007851296618 0.01086428444]];
cam1_intr = [cam1_intr;[235.2891291 235.3355641 322.6670276 234.4459717 0.2213046992 -0.1983760909 0.1099135305 -0.04566836997 0.01173851459 -0.001279289388 0.009369856652 -0.006911218646 -0.009485582977 -0.001355162322 0.00639330907 0.0002180162237 0.0005200157283 -9.647099311e-05 0.008373395118 0.01138436858]];


cam2_intr = [234.6867682 234.9621991 321.5498441 235.4396245 0.236028116 -0.2231042318 0.1477001196 -0.07761790282 0.02502543031 -0.003373347273 0.005834893005 0.009133224092 -0.00476310194 -0.001287826769 -0.01049113599 0.0004553180321 0.0004528001744 -0.0001555471434 -0.01798618476 0.006050745055 ];
cam2_intr = [cam2_intr;[234.7380639 234.9905314 321.1753072 235.5912025 0.2367642716 -0.2241375261 0.1484269191 -0.07766933189 0.02491737215 -0.003347922629 0.009705961275 0.008514431378 -0.00855981973 -0.0008640062163 -0.009855505457 0.0004054875076 0.0003378609308 -0.0001399484452 -0.01675210606 0.01425385653]];
cam2_intr = [cam2_intr;[234.7840999 235.0240249 321.0376672 235.6254829 0.2368893747 -0.2240999268 0.1479880324 -0.07710109268 0.02463870121 -0.003300615493 0.01074119461 0.008306398182 -0.009525827529 -0.0007483810844 -0.00960213416 0.0003920802554 0.000308887952 -0.0001321618727 -0.01644795959 0.01648828712]];


cam3_intr = [234.7478395 235.2978336 326.7645742 232.9821859 0.2263620069 -0.2007387452 0.09793237405 -0.02725473119 0.002147534565 0.0004693712591 -0.003962578969 0.008819341792 0.004807162107 -0.001497919107 -0.007988379411 -0.0006603865151 0.0004427718864 0.0002416870222 -0.01955880306 -0.01546229105];
cam3_intr = [cam3_intr;[234.8128408 235.3689856 326.4667033 233.0504948 0.2253206957 -0.1954250478 0.0865622463 -0.01605753652 -0.003007759326 0.001374624936 -0.004031736474 0.009204139099 0.005066415575 -0.001239402156 -0.008459051989 -0.0007033185474 0.0004117370744 0.0002623234774 -0.02021328892 -0.01504328087]];
cam3_intr = [cam3_intr;[234.8726748 235.4286922 326.3523634 233.075468 0.2243552665 -0.1906598934 0.07608028709 -0.005123353509 -0.008409836543 0.002394726564 -0.004323948928 0.009218646206 0.005459654272 -0.001187252591 -0.008483352748 -0.0007385521377 0.0004132919385 0.0002779571696 -0.02021192796 -0.01547820287]];



end